50 5
500 0 0 0 0
0 0 0 0 0
0 0 0 0 0
0 0 0 0 0
0 0 0 0 0
0 0 0 0 0
0 0 0 0 0
0 0 0 0 0
0 0 0 0 0
0 0 0 0 0
0 0 0 0 0
0 0 0 0 0
0 0 0 0 0
0 0 0 0 0
0 0 0 0 0
0 0 0 0 0
0 0 0 0 0
0 0 0 0 0
0 0 0 0 0
0 0 0 0 0
0 0 0 0 0
0 0 0 0 0
0 0 0 0 0
0 0 0 0 0
0 0 0 0 0
0 0 0 0 0
0 0 0 0 0
0 0 0 0 0
0 0 0 0 0
0 0 0 0 0
0 0 0 0 0
0 0 0 0 0
0 0 0 0 0
0 0 0 0 0
0 0 0 0 0
0 0 0 0 0
0 0 0 0 0
0 0 0 0 0
0 0 0 0 0
0 0 0 0 0
0 0 0 0 0
0 0 0 0 0
0 0 0 0 0
0 0 0 0 0
0 0 0 0 0
0 0 0 0 0
0 0 0 0 0
0 0 0 0 0
0 0 0 0 0
0 0 0 0 0
0 0 0 0 0
0 0 0 0 0
0 0 0 0 0
0 0 0 0 0
0 0 0 0 0
0 0 0 0 0
0 0 0 0 0
0 0 0 0 0
0 0 0 0 0
0 0 0 0 0
0 0 0 0 0
0 0 0 0 0
0 0 0 0 0
0 0 0 0 0
0 0 0 0 0
0 0 0 0 0
0 0 0 0 0
0 0 0 0 0
0 0 0 0 0
0 0 0 0 0
0 0 0 0 0
0 0 0 0 0
0 0 0 0 0
0 0 0 0 0
0 0 0 0 0
0 0 0 0 0
0 0 0 0 0
0 0 0 0 0
0 0 0 0 0
0 0 0 0 0
0 0 0 0 0
0 0 0 0 0
0 0 0 0 0
0 0 0 0 0
0 0 0 0 0
0 0 0 0 0
0 0 0 0 0
0 0 0 0 0
0 0 0 0 0
0 0 0 0 0
0 0 0 0 0
0 0 0 0 0
0 0 0 0 0
0 0 0 0 0
0 0 0 0 0
0 0 0 0 0
0 0 0 0 0
0 0 0 0 0
0 0 0 0 0
100 100 100 100 100
1000000 1 1000000 1000000 1000000
1000000 1 1 1000000 1000000
1000000 1 1000000 1 1000000
1 1 1 1 1
1000000 1 1 1 1000000
1000000 1000000 1000000 1000000 1
1 1000000 1000000 1000000 1
1 1000000 1 1 1
1000000 1 1000000 1 1000000
1 1 1 1 1
1000000 1000000 1 1000000 1
1000000 1 1000000 1 1000000
1 1000000 1 1 1000000
1 1000000 1 1 1000000
1 1 1 1000000 1
1000000 1 1000000 1000000 1
1 1000000 1000000 1000000 1
1 1000000 1 1 1
1000000 1000000 1000000 1 1000000
1 1 1 1000000 1000000
1 1000000 1 1 1000000
1000000 1 1000000 1000000 1000000
1 1000000 1 1000000 1
1 1000000 1000000 1000000 1
1 1000000 1 1000000 1000000
1000000 1 1 1000000 1
1 1 1 1000000 1
1000000 1000000 1000000 1 1
1 1 1 1000000 1000000
1000000 1000000 1000000 1 1
1000000 1000000 1 1000000 1
1 1000000 1000000 1000000 1
1 1 1000000 1000000 1
1 1000000 1 1 1000000
1 1000000 1 1000000 1
1000000 1000000 1000000 1 1
1000000 1 1000000 1000000 1
1000000 1000000 1000000 1000000 1000000
1 1000000 1 1 1
1 1 1000000 1000000 1
1000000 1000000 1 1000000 1
1 1 1000000 1 1
1000000 1000000 1 1000000 1000000
1 1000000 1 1 1000000
1 1 1000000 1000000 1
1 1000000 1 1 1
1 1 1000000 1 1
1000000 1 1 1 1000000
1000000 1000000 1 1000000 1000000
1 1 1000000 1 1 1 1 1 1 1000000 1 1 1 1 1 1 1 1000000 1 1 1 1 1 1000000 1
1 1 1000000 1000000 1000000 1 1 1 1 1000000 1000000 1 1 1000000 1 1 1000000 1000000 1 1000000 1 1 1 1 1
1 1 1000000 1000000 1 1000000 1 1 1 1000000 1000000 1 1 1 1 1000000 1000000 1000000 1 1000000 1 1000000 1000000 1 1
1 1 1 1 1 1 1 1000000 1000000 1 1 1000000 1 1000000 1 1000000 1 1 1 1 1000000 1000000 1 1000000 1
1 1000000 1 1000000 1 1000000 1 1 1 1 1000000 1 1 1 1000000 1 1 1 1 1 1000000 1 1000000 1000000 1
1 1 1 1 1000000 1 1 1000000 1000000 1 1000000 1 1 1 1 1 1000000 1000000 1 1000000 1 1 1 1 1
1 1000000 1000000 1000000 1000000 1000000 1 1 1 1 1 1 1 1 1000000 1 1 1 1 1 1000000 1 1000000 1 1
1 1 1000000 1 1000000 1 1 1000000 1 1 1 1000000 1 1 1 1 1 1000000 1 1 1 1 1 1 1
1 1000000 1000000 1 1000000 1 1 1 1 1000000 1000000 1 1 1000000 1000000 1 1 1 1 1000000 1 1000000 1 1000000 1
1 1000000 1 1 1000000 1000000 1 1000000 1000000 1 1000000 1 1 1 1000000 1000000 1000000 1 1 1000000 1 1000000 1 1 1
1 1 1 1 1 1 1 1000000 1000000 1000000 1 1 1 1000000 1000000 1000000 1000000 1 1 1 1 1 1000000 1 1
1 1000000 1000000 1000000 1000000 1000000 1 1 1000000 1 1000000 1000000 1 1000000 1000000 1000000 1 1 1 1000000 1000000 1 1 1000000 1
1 1 1 1000000 1 1000000 1 1000000 1 1 1000000 1000000 1 1 1 1000000 1 1000000 1 1 1 1000000 1000000 1 1
1 1 1000000 1000000 1000000 1000000 1 1000000 1 1 1 1000000 1 1 1 1 1000000 1000000 1 1000000 1000000 1 1 1 1
1 1 1000000 1000000 1000000 1 1 1 1 1 1 1 1 1 1000000 1 1 1 1 1 1000000 1 1000000 1000000 1
1 1000000 1000000 1 1 1 1 1000000 1 1000000 1 1000000 1 1 1 1000000 1 1 1 1 1 1000000 1000000 1 1
1 1 1000000 1000000 1 1000000 1 1 1 1 1000000 1 1 1 1000000 1 1000000 1000000 1 1 1000000 1000000 1000000 1000000 1
1 1000000 1 1000000 1 1000000 1 1000000 1 1 1000000 1 1 1 1000000 1 1000000 1 1 1 1000000 1000000 1000000 1000000 1
1 1000000 1 1000000 1 1 1 1 1000000 1000000 1 1 1 1000000 1000000 1 1000000 1000000 1 1 1000000 1000000 1 1 1
1 1000000 1 1000000 1000000 1 1 1000000 1 1000000 1 1 1 1000000 1000000 1 1000000 1000000 1 1 1000000 1000000 1000000 1000000 1
1 1000000 1 1000000 1 1000000 1 1000000 1000000 1000000 1000000 1 1 1000000 1000000 1000000 1 1 1 1 1000000 1 1000000 1 1
1 1000000 1 1000000 1 1 1 1 1000000 1 1 1 1 1 1000000 1000000 1000000 1 1 1 1000000 1000000 1000000 1000000 1
1 1000000 1000000 1000000 1000000 1 1 1000000 1000000 1000000 1000000 1000000 1 1 1000000 1 1 1000000 1 1000000 1 1 1000000 1000000 1
1 1 1000000 1 1 1 1 1 1000000 1000000 1000000 1 1 1 1 1000000 1000000 1 1 1000000 1000000 1000000 1 1000000 1
1 1000000 1000000 1000000 1 1 1 1 1 1000000 1000000 1000000 1 1 1 1000000 1000000 1000000 1 1 1 1000000 1000000 1000000 1
1 1 1000000 1000000 1000000 1 1 1000000 1 1000000 1 1 1 1 1 1000000 1000000 1000000 1 1000000 1 1000000 1000000 1 1
1 1000000 1 1 1000000 1000000 1 1 1 1000000 1 1000000 1 1000000 1000000 1000000 1000000 1 1 1 1000000 1 1000000 1000000 1
1 1000000 1 1000000 1000000 1 1 1000000 1 1000000 1000000 1 1 1000000 1 1000000 1000000 1000000 1 1 1 1 1000000 1 1
1 1000000 1 1 1 1 1 1 1 1000000 1000000 1 1 1 1000000 1000000 1 1 1 1000000 1 1 1000000 1000000 1
1 1 1 1 1000000 1000000 1 1 1 1 1 1000000 1 1 1000000 1 1 1000000 1 1000000 1 1 1 1 1
1 1 1 1000000 1000000 1 1 1 1 1 1000000 1 1 1 1 1 1000000 1 1 1000000 1000000 1 1000000 1000000 1
1 1 1 1000000 1 1 1 1 1 1000000 1000000 1 1 1 1000000 1 1000000 1000000 1 1 1000000 1 1 1 1
1 1 1000000 1000000 1 1000000 1 1000000 1 1000000 1000000 1000000 1 1000000 1000000 1000000 1000000 1 1 1000000 1000000 1 1000000 1 1
1 1000000 1000000 1 1 1 1 1 1000000 1000000 1 1000000 1 1 1000000 1 1000000 1000000 1 1000000 1 1000000 1 1000000 1
1 1 1000000 1 1000000 1 1 1000000 1 1 1000000 1 1 1000000 1 1 1 1 1 1000000 1000000 1 1000000 1 1
1 1000000 1 1 1000000 1000000 1 1000000 1 1000000 1000000 1000000 1 1 1000000 1000000 1000000 1 1 1 1 1 1 1000000 1
1 1000000 1000000 1 1 1 1 1 1000000 1000000 1000000 1 1 1 1 1 1000000 1 1 1000000 1000000 1 1000000 1 1
1 1000000 1 1000000 1 1 1 1000000 1 1000000 1 1000000 1 1 1000000 1000000 1000000 1 1 1000000 1000000 1000000 1 1 1
1 1 1 1000000 1 1 1 1 1000000 1 1000000 1000000 1 1000000 1000000 1 1000000 1 1 1000000 1000000 1000000 1 1 1
1 1000000 1000000 1000000 1000000 1 1 1000000 1 1000000 1 1000000 1 1 1000000 1 1 1 1 1 1000000 1 1 1000000 1
1 1 1 1000000 1000000 1000000 1 1 1 1 1000000 1 1 1 1 1000000 1 1000000 1 1 1 1000000 1 1000000 1
1 1 1 1 1000000 1 1 1000000 1000000 1 1 1000000 1 1 1000000 1000000 1 1000000 1 1000000 1000000 1000000 1 1000000 1
1 1 1000000 1000000 1 1 1 1 1000000 1000000 1000000 1000000 1 1000000 1 1000000 1000000 1000000 1 1 1 1 1000000 1 1
1 1000000 1000000 1000000 1 1 1 1 1000000 1000000 1000000 1000000 1 1 1 1 1000000 1000000 1 1 1000000 1000000 1 1000000 1
1 1000000 1000000 1000000 1 1 1 1 1000000 1 1 1000000 1 1000000 1000000 1000000 1 1 1 1000000 1000000 1 1000000 1 1
1 1000000 1 1 1000000 1000000 1 1000000 1000000 1 1000000 1 1 1000000 1000000 1000000 1 1 1 1000000 1000000 1000000 1000000 1 1
1 1000000 1000000 1000000 1 1000000 1 1 1000000 1000000 1 1000000 1 1000000 1 1000000 1000000 1000000 1 1 1 1000000 1000000 1000000 1
1 1 1000000 1 1 1 1 1000000 1000000 1 1 1 1 1000000 1000000 1 1 1 1 1000000 1 1000000 1 1 1
1 1000000 1 1000000 1 1 1 1000000 1000000 1 1000000 1 1 1 1000000 1000000 1 1000000 1 1 1 1 1000000 1000000 1
1 1 1000000 1 1000000 1 1 1000000 1 1 1000000 1000000 1 1 1000000 1000000 1 1000000 1 1 1000000 1000000 1 1000000 1
