50 5
0 0 0 0 0
0 0 0 0 0
0 0 0 0 0
0 0 0 0 0
0 0 0 0 0
0 0 0 0 0
0 0 0 0 0
0 0 0 0 0
0 0 0 0 0
0 0 0 0 0
0 0 0 0 0
0 0 0 0 0
0 0 0 0 0
0 0 0 0 0
0 0 0 0 0
0 0 0 0 0
0 0 0 0 0
0 0 0 0 0
0 0 0 0 0
0 0 0 0 0
0 0 0 0 0
0 0 0 0 0
0 0 0 0 0
0 0 0 0 0
0 0 0 0 0
0 0 0 0 0
0 0 0 0 0
0 0 0 0 0
0 0 0 0 0
0 0 0 0 0
0 0 0 0 0
0 0 0 0 0
0 0 0 0 0
0 0 0 0 0
0 0 0 0 0
0 0 0 0 0
0 0 0 0 0
0 0 0 0 0
0 0 0 0 0
0 0 0 0 0
0 0 0 0 0
0 0 0 0 0
0 0 0 0 0
0 0 0 0 0
0 0 0 0 0
0 0 0 0 0
0 0 0 0 0
0 0 0 0 0
0 0 0 0 0
500 0 0 0 0
500 0 0 0 0
0 0 0 0 0
0 0 0 0 0
0 0 0 0 0
0 0 0 0 0
0 0 0 0 0
0 0 0 0 0
0 0 0 0 0
0 0 0 0 0
0 0 0 0 0
0 0 0 0 0
0 0 0 0 0
0 0 0 0 0
0 0 0 0 0
0 0 0 0 0
0 0 0 0 0
0 0 0 0 0
0 0 0 0 0
0 0 0 0 0
0 0 0 0 0
0 0 0 0 0
0 0 0 0 0
0 0 0 0 0
0 0 0 0 0
0 0 0 0 0
0 0 0 0 0
0 0 0 0 0
0 0 0 0 0
0 0 0 0 0
0 0 0 0 0
0 0 0 0 0
0 0 0 0 0
0 0 0 0 0
0 0 0 0 0
0 0 0 0 0
0 0 0 0 0
0 0 0 0 0
0 0 0 0 0
0 0 0 0 0
0 0 0 0 0
0 0 0 0 0
0 0 0 0 0
0 0 0 0 0
0 0 0 0 0
0 0 0 0 0
0 0 0 0 0
0 0 0 0 0
0 0 0 0 0
0 0 0 0 0
0 0 0 0 0
217360 20737 828256 291679 604039
374976 610986 193877 311409 893376
123824 174916 275741 448707 89071
951339 280490 619199 982001 935103
564087 348903 291018 887329 265221
454132 178780 193145 986634 693874
262740 626617 150418 517322 914763
701691 392518 702334 590667 644080
523813 452145 614046 330968 530566
781715 420824 356662 580749 738324
214476 442029 814206 609991 569007
728510 755894 368977 491264 730575
104860 503616 147852 417648 321681
958194 172135 762574 664904 674555
769648 819372 790961 362177 574082
290651 262831 65423 701977 131496
10883 612344 94548 8034 413500
930678 307953 329865 686161 444278
899780 621523 510390 248223 875434
711491 115791 446070 186521 604339
819227 304382 563004 495186 881928
214296 866029 675621 973121 441878
567962 447136 967012 88574 396365
587399 338181 495050 125058 209029
631999 261256 364503 342781 148072
43035 308810 224713 892435 365303
640449 859185 38575 945767 471751
54710 903039 334055 968122 360673
845509 555633 621699 416198 635978
562637 860623 788439 481532 417819
294526 642093 115374 124753 37533
165273 7118 824579 893659 637489
937573 830605 588604 206494 273931
48525 672076 858377 259206 3233
328549 411795 957430 230432 773064
967706 132166 945987 502625 198760
335925 138465 64262 585990 493849
662721 80877 682419 902526 807539
405049 195690 815243 311091 674417
950209 99417 578611 449375 860731
757918 947988 577436 721437 44321
528943 268444 708504 518899 845079
99428 974322 837923 956151 615363
407956 691664 591761 567447 790831
178741 472289 928046 505803 24664
658237 915749 133285 797358 649092
667661 715779 320575 286603 12312
867926 302843 585519 369716 900825
253107 380930 83826 237421 643307
1 487494 584708 822427 51129 907083 1 538194 532493 788024 895817 576404 1 537858 649543 157140 59394 832710 1 510308 354230 239270 734045 533831 1
1 661962 961238 74814 403969 519103 1 469654 189355 703445 238640 509078 1 71592 274152 506120 38780 584011 1 314162 776375 961501 278496 196829 1
1 580986 568280 901522 645881 943176 1 672594 810652 593623 742936 611196 1 142431 968735 272371 480512 168723 1 824571 140270 284447 118314 454226 1
1 892315 370515 633036 730792 255152 1 868506 586164 663070 709124 875753 1 469297 260244 244085 622051 236541 1 938832 142492 880620 74358 540323 1
1 780748 296933 645885 414418 679885 1 374419 763005 297578 656649 912953 1 834192 287852 423587 346401 821190 1 532465 25281 540324 554364 989807 1
1 579416 776454 376812 100593 548103 1 227286 921784 329022 26314 486712 1 17111 643260 765799 883065 103807 1 195999 718330 24980 27393 416549 1
1 100539 419147 828511 544967 464142 1 700368 632290 564001 298338 480560 1 19962 714693 753964 291205 730081 1 380957 166145 985410 899997 781296 1
1 893110 946389 294049 556762 257115 1 844784 571791 23058 899566 740817 1 626625 174591 329150 420315 633783 1 743075 773685 957702 317087 906247 1
1 331103 819385 749284 769630 983901 1 101028 345306 497246 377296 915196 1 733387 425510 162525 752167 939986 1 133043 243295 726142 906089 64352 1
1 924255 290370 676262 479429 434342 1 123292 229872 639178 441771 678260 1 166102 471529 675924 443731 423456 1 271180 106137 42118 796005 288333 1
1 9839 261245 720184 457522 649789 1 80932 332674 138867 635626 699343 1 615651 761132 706337 169286 575926 1 242637 41278 501314 695397 375725 1
1 579991 439860 892304 429707 570913 1 306082 941429 916064 306828 113820 1 756053 522906 10969 428102 206768 1 84334 444373 712742 49314 689816 1
1 167765 991317 261990 124750 397747 1 186597 850671 996049 491080 735718 1 361635 173078 434770 842404 110925 1 640907 326575 486279 614539 848968 1
1 471402 40973 388938 194899 981471 1 889725 683342 541466 226515 862506 1 68233 805788 182939 692858 624503 1 723951 808644 296848 302258 44677 1
1 877071 607882 729795 212021 111766 1 39502 339144 438071 396758 277052 1 165817 883431 85783 666922 733926 1 581573 201370 396525 512279 470095 1
1 574218 894573 433198 949933 959790 1 537994 25066 933513 363262 976764 1 957762 224859 334035 634789 458017 1 916692 529921 72641 500982 536115 1
1 886758 894142 223768 201541 501949 1 479643 778740 19750 177080 504980 1 550847 111332 609587 470728 750472 1 261381 293903 865674 587429 473132 1
1 199203 952532 371805 682344 622529 1 933782 930401 770444 870398 476698 1 627790 363157 517401 54823 854802 1 814842 470839 165611 510452 128038 1
1 319042 396534 904245 417377 112247 1 216824 855906 62754 958177 883916 1 650548 338774 744090 316030 286211 1 95244 430825 372571 707800 552645 1
1 261284 392408 281797 650037 755501 1 796606 856345 139093 246536 194 1 195716 801381 878443 575552 942977 1 152037 475870 895105 440570 575732 1
1 909790 697987 790385 135132 555297 1 920985 477717 545884 714463 10366 1 887878 192995 949230 184573 369879 1 106326 13069 340574 547380 119260 1
1 934158 561678 95885 774933 643180 1 10064 376301 540349 285621 630542 1 482285 682410 314029 298949 84917 1 791905 758081 156557 899870 243557 1
1 177868 800453 919451 732301 203024 1 256387 3651 945805 483299 875079 1 15040 185241 939754 402378 44236 1 845256 706389 856620 660168 273220 1
1 73421 425887 624728 239580 484508 1 542352 177050 449862 963856 659790 1 175489 84384 64902 107958 987413 1 499476 812655 889969 118755 364466 1
1 894607 133186 801942 585513 214159 1 591480 187322 798594 826567 353674 1 232465 200894 100491 149230 105973 1 675437 311882 860019 520622 581965 1
1 591955 423286 143793 293933 289760 1 863157 240565 962646 9443 604526 1 718299 975033 488650 620206 49455 1 919974 729431 385966 196148 572482 1
1 29821 683764 136964 6344 951443 1 458558 270506 933554 868059 762324 1 955690 372485 534177 179066 269674 1 89605 945933 349950 271320 463647 1
1 368799 955253 687955 751384 590058 1 851498 610880 17180 257995 756904 1 542108 336346 181742 313096 684960 1 213310 643716 648582 45480 728156 1
1 626207 832349 550037 999622 105316 1 273166 944914 186007 251902 810460 1 454683 456920 927550 652368 856043 1 858220 296760 573508 45247 868901 1
1 911647 652009 249376 292208 456373 1 731305 890474 737855 500363 14620 1 161692 602897 896444 547040 886775 1 819634 457312 749147 109152 802446 1
1 374273 457215 717623 746961 203301 1 303647 546300 340210 717722 325037 1 217154 899912 108636 872915 826441 1 438960 960277 764494 243583 351272 1
1 744172 863728 977239 657384 405195 1 514641 775943 366044 479384 619281 1 883525 117057 192793 779835 620326 1 432728 402294 655459 108636 422404 1
1 820056 202357 880216 515135 718328 1 140784 895848 752593 879183 371277 1 270550 473849 619408 418996 439811 1 261446 786189 700442 30982 747655 1
1 195665 343994 169119 983244 408981 1 771267 908046 113570 45634 516688 1 421974 237162 71856 844011 174252 1 561765 538889 486476 981129 423677 1
1 59115 401598 319960 923992 379937 1 884853 131959 535903 615502 131730 1 852531 528682 94957 14645 385373 1 140231 339832 485481 78393 457654 1
1 574214 435006 583339 358340 545664 1 920490 111909 272977 562592 405526 1 107863 326393 35598 912613 878076 1 813067 670988 818138 844014 169916 1
1 519137 138025 262812 977932 272238 1 317144 211589 533613 269600 61 1 173880 944343 989165 662233 975613 1 50520 577235 415097 261066 836485 1
1 730451 988134 696141 641877 451781 1 71750 268553 441462 426443 440944 1 571146 899529 282932 367963 306872 1 741080 605631 389848 698829 251568 1
1 724760 567911 596750 240024 529396 1 865431 372560 815183 656757 893936 1 72793 780465 809232 545123 47682 1 923744 952642 251638 568285 880991 1
1 553796 397295 933732 475945 572578 1 781095 778885 20790 350345 561562 1 198470 646309 223416 207782 904692 1 437832 618409 257287 912778 764929 1
1 161785 351069 50404 58504 72974 1 142041 909644 290658 140821 387054 1 762893 578512 500034 534507 231831 1 565448 43298 92327 734903 638534 1
1 240087 391271 949934 572457 921332 1 151194 67129 522795 218704 750550 1 578706 233704 411830 48585 28014 1 969255 367295 834383 19797 423907 1
1 494880 999520 240676 36125 331584 1 168674 721638 88985 777537 395620 1 863603 55809 105977 434717 862487 1 128483 158777 507110 762424 802800 1
1 77786 453242 982372 439395 765700 1 291985 517353 334660 272877 206412 1 914126 392517 682963 428211 630534 1 259059 268822 173590 936269 309752 1
1 161093 413463 574583 93244 205873 1 379814 624498 910301 827830 331964 1 322034 789480 798057 471651 313644 1 610625 28557 992886 76175 171995 1
1 163081 278299 148834 67980 154450 1 155679 55371 334299 754019 787552 1 421653 471834 918885 15773 486996 1 674056 943904 657273 392939 48195 1
1 127857 674420 228302 636672 941717 1 696732 464147 799096 725605 172326 1 635305 840775 448626 367438 101209 1 37195 983187 128746 385304 429942 1
1 560246 384 238339 470165 676771 1 563401 901937 485533 449440 921858 1 226301 900691 631210 486 142675 1 940514 308475 493313 200761 631112 1
1 41050 974124 732715 839085 991868 1 994771 764661 211136 439022 420990 1 57690 824653 918715 194666 167702 1 380805 498666 18291 736927 795428 1
1 922806 916874 269899 271601 568738 1 463480 217504 750027 500631 625703 1 262628 887509 324600 422982 450097 1 676434 547682 266476 226942 615560 1
